%==========================================================================
%   Copyright (c) 2023, PSE TMU
%   Process System Engineering (PSE) research group at Tarbiat Modares University (TMU)
%   All rights reserved.
%
%   This code is provided "as is" without any warranties, express or implied,
%   including but not limited to the warranties of merchantability and fitness
%   for a particular purpose.
%
%   Author: Saeid Asadi
%   Contact:
%   kiarashasadi@gmail.com (Saeid Asadi)
%   fakhroleslam@modares.ac.ir (Mohammad Fakhroleslam)
%
%   Last update: 2024-11-28
%%====================================================================================

%Adsorption breakthroughcurve eperimental data
sampletime=[7.97E+01
    8.81E+01
    9.30E+01
    9.60E+01
    1.00E+02
    1.04E+02
    1.09E+02
    1.14E+02
    1.16E+02
    1.18E+02
    1.21E+02
    1.25E+02
    1.27E+02];
samplecon=[4.52E-03
    4.07E-02
    1.54E-01
    2.76E-01
    4.39E-01
    6.20E-01
    7.65E-01
    9.00E-01
    9.73E-01
    9.95E-01
    9.95E-01
    9.95E-01
    9.95E-01]*1.25/1000;


sampletime1=[1.40E-01
    4.29E-01
    8.38E-01
    1.40E+00
    2.65E+00
    3.63E+00
    5.87E+00
    8.66E+00
    1.12E+01
    1.35E+01
    1.59E+01
    1.84E+01
    2.11E+01
    2.35E+01
    2.60E+01
    2.86E+01
    3.11E+01
    3.37E+01
    3.62E+01
    3.87E+01
    4.12E+01
    4.36E+01
    4.61E+01
    4.85E+01]+150;
samplecon1=[7.83E-01
    6.75E-01
    6.01E-01
    5.07E-01
    4.33E-01
    3.99E-01
    3.15E-01
    2.56E-01
    2.12E-01
    1.77E-01
    1.53E-01
    1.38E-01
    1.13E-01
    9.85E-02
    8.87E-02
    7.88E-02
    6.90E-02
    6.40E-02
    5.42E-02
    4.43E-02
    3.94E-02
    3.45E-02
    4.93E-03
    4.93E-03
    ]*7/1000;

